const float distance_lut[100][100] = {
  {0.000,1.000,2.000,3.000,4.000,5.000,6.000,7.000,8.000,9.000,10.000,11.000,12.000,13.000,14.000,15.000,16.000,17.000,18.000,19.000,20.000,21.000,22.000,23.000,24.000,25.000,26.000,27.000,28.000,29.000,30.000,31.000,32.000,33.000,34.000,35.000,36.000,37.000,38.000,39.000,40.000,41.000,42.000,43.000,44.000,45.000,46.000,47.000,48.000,49.000,50.000,51.000,52.000,53.000,54.000,55.000,56.000,57.000,58.000,59.000,60.000,61.000,62.000,63.000,64.000,65.000,66.000,67.000,68.000,69.000,70.000,71.000,72.000,73.000,74.000,75.000,76.000,77.000,78.000,79.000,80.000,81.000,82.000,83.000,84.000,85.000,86.000,87.000,88.000,89.000,90.000,91.000,92.000,93.000,94.000,95.000,96.000,97.000,98.000,99.000,},
  {1.000,1.414,2.236,3.162,4.123,5.099,6.083,7.071,8.062,9.055,10.050,11.045,12.042,13.038,14.036,15.033,16.031,17.029,18.028,19.026,20.025,21.024,22.023,23.022,24.021,25.020,26.019,27.019,28.018,29.017,30.017,31.016,32.016,33.015,34.015,35.014,36.014,37.014,38.013,39.013,40.012,41.012,42.012,43.012,44.011,45.011,46.011,47.011,48.010,49.010,50.010,51.010,52.010,53.009,54.009,55.009,56.009,57.009,58.009,59.008,60.008,61.008,62.008,63.008,64.008,65.008,66.008,67.007,68.007,69.007,70.007,71.007,72.007,73.007,74.007,75.007,76.007,77.006,78.006,79.006,80.006,81.006,82.006,83.006,84.006,85.006,86.006,87.006,88.006,89.006,90.006,91.005,92.005,93.005,94.005,95.005,96.005,97.005,98.005,99.005,},
  {2.000,2.236,2.828,3.606,4.472,5.385,6.325,7.280,8.246,9.220,10.198,11.180,12.166,13.153,14.142,15.133,16.125,17.117,18.111,19.105,20.100,21.095,22.091,23.087,24.083,25.080,26.077,27.074,28.071,29.069,30.067,31.064,32.062,33.061,34.059,35.057,36.056,37.054,38.053,39.051,40.050,41.049,42.048,43.046,44.045,45.044,46.043,47.043,48.042,49.041,50.040,51.039,52.038,53.038,54.037,55.036,56.036,57.035,58.034,59.034,60.033,61.033,62.032,63.032,64.031,65.031,66.030,67.030,68.029,69.029,70.029,71.028,72.028,73.027,74.027,75.027,76.026,77.026,78.026,79.025,80.025,81.025,82.024,83.024,84.024,85.024,86.023,87.023,88.023,89.022,90.022,91.022,92.022,93.022,94.021,95.021,96.021,97.021,98.020,99.020,},
  {3.000,3.162,3.606,4.243,5.000,5.831,6.708,7.616,8.544,9.487,10.440,11.402,12.369,13.342,14.318,15.297,16.279,17.263,18.248,19.235,20.224,21.213,22.204,23.195,24.187,25.179,26.173,27.166,28.160,29.155,30.150,31.145,32.140,33.136,34.132,35.128,36.125,37.121,38.118,39.115,40.112,41.110,42.107,43.105,44.102,45.100,46.098,47.096,48.094,49.092,50.090,51.088,52.086,53.085,54.083,55.082,56.080,57.079,58.078,59.076,60.075,61.074,62.073,63.071,64.070,65.069,66.068,67.067,68.066,69.065,70.064,71.063,72.062,73.062,74.061,75.060,76.059,77.058,78.058,79.057,80.056,81.056,82.055,83.054,84.054,85.053,86.052,87.052,88.051,89.051,90.050,91.049,92.049,93.048,94.048,95.047,96.047,97.046,98.046,99.045,},
  {4.000,4.123,4.472,5.000,5.657,6.403,7.211,8.062,8.944,9.849,10.770,11.705,12.649,13.601,14.560,15.524,16.492,17.464,18.439,19.416,20.396,21.378,22.361,23.345,24.331,25.318,26.306,27.295,28.284,29.275,30.265,31.257,32.249,33.242,34.234,35.228,36.222,37.216,38.210,39.205,40.200,41.195,42.190,43.186,44.181,45.177,46.174,47.170,48.166,49.163,50.160,51.157,52.154,53.151,54.148,55.145,56.143,57.140,58.138,59.135,60.133,61.131,62.129,63.127,64.125,65.123,66.121,67.119,68.118,69.116,70.114,71.113,72.111,73.110,74.108,75.107,76.105,77.104,78.102,79.101,80.100,81.099,82.098,83.096,84.095,85.094,86.093,87.092,88.091,89.090,90.089,91.088,92.087,93.086,94.085,95.084,96.083,97.082,98.082,99.081,},
  {5.000,5.099,5.385,5.831,6.403,7.071,7.810,8.602,9.434,10.296,11.180,12.083,13.000,13.928,14.866,15.811,16.763,17.720,18.682,19.647,20.616,21.587,22.561,23.537,24.515,25.495,26.476,27.459,28.443,29.428,30.414,31.401,32.388,33.377,34.366,35.355,36.346,37.336,38.328,39.319,40.311,41.304,42.297,43.290,44.283,45.277,46.271,47.265,48.260,49.254,50.249,51.245,52.240,53.235,54.231,55.227,56.223,57.219,58.215,59.211,60.208,61.205,62.201,63.198,64.195,65.192,66.189,67.186,68.184,69.181,70.178,71.176,72.173,73.171,74.169,75.166,76.164,77.162,78.160,79.158,80.156,81.154,82.152,83.150,84.149,85.147,86.145,87.144,88.142,89.140,90.139,91.137,92.136,93.134,94.133,95.131,96.130,97.129,98.127,99.126,},
  {6.000,6.083,6.325,6.708,7.211,7.810,8.485,9.220,10.000,10.817,11.662,12.530,13.416,14.318,15.232,16.155,17.088,18.028,18.974,19.925,20.881,21.840,22.804,23.770,24.739,25.710,26.683,27.659,28.636,29.614,30.594,31.575,32.558,33.541,34.525,35.511,36.497,37.483,38.471,39.459,40.447,41.437,42.426,43.417,44.407,45.398,46.390,47.381,48.374,49.366,50.359,51.352,52.345,53.339,54.332,55.326,56.321,57.315,58.310,59.304,60.299,61.294,62.290,63.285,64.281,65.276,66.272,67.268,68.264,69.260,70.257,71.253,72.250,73.246,74.243,75.240,76.236,77.233,78.230,79.228,80.225,81.222,82.219,83.217,84.214,85.212,86.209,87.207,88.204,89.202,90.200,91.198,92.195,93.193,94.191,95.189,96.187,97.185,98.184,99.182,},
  {7.000,7.071,7.280,7.616,8.062,8.602,9.220,9.899,10.630,11.402,12.207,13.038,13.892,14.765,15.652,16.553,17.464,18.385,19.313,20.248,21.190,22.136,23.087,24.042,25.000,25.962,26.926,27.893,28.862,29.833,30.806,31.780,32.757,33.734,34.713,35.693,36.674,37.656,38.639,39.623,40.608,41.593,42.579,43.566,44.553,45.541,46.530,47.518,48.508,49.497,50.488,51.478,52.469,53.460,54.452,55.444,56.436,57.428,58.421,59.414,60.407,61.400,62.394,63.388,64.382,65.376,66.370,67.365,68.359,69.354,70.349,71.344,72.339,73.335,74.330,75.326,76.322,77.318,78.313,79.310,80.306,81.302,82.298,83.295,84.291,85.288,86.284,87.281,88.278,89.275,90.272,91.269,92.266,93.263,94.260,95.258,96.255,97.252,98.250,99.247,},
  {8.000,8.062,8.246,8.544,8.944,9.434,10.000,10.630,11.314,12.042,12.806,13.601,14.422,15.264,16.125,17.000,17.889,18.788,19.698,20.616,21.541,22.472,23.409,24.352,25.298,26.249,27.203,28.160,29.120,30.083,31.048,32.016,32.985,33.956,34.928,35.903,36.878,37.855,38.833,39.812,40.792,41.773,42.755,43.738,44.721,45.706,46.690,47.676,48.662,49.649,50.636,51.624,52.612,53.600,54.589,55.579,56.569,57.559,58.549,59.540,60.531,61.522,62.514,63.506,64.498,65.490,66.483,67.476,68.469,69.462,70.456,71.449,72.443,73.437,74.431,75.425,76.420,77.414,78.409,79.404,80.399,81.394,82.389,83.385,84.380,85.376,86.371,87.367,88.363,89.359,90.355,91.351,92.347,93.343,94.340,95.336,96.333,97.329,98.326,99.323,},
  {9.000,9.055,9.220,9.487,9.849,10.296,10.817,11.402,12.042,12.728,13.454,14.213,15.000,15.811,16.643,17.493,18.358,19.235,20.125,21.024,21.932,22.847,23.770,24.698,25.632,26.571,27.514,28.460,29.411,30.364,31.321,32.280,33.242,34.205,35.171,36.139,37.108,38.079,39.051,40.025,41.000,41.976,42.953,43.932,44.911,45.891,46.872,47.854,48.836,49.820,50.804,51.788,52.773,53.759,54.745,55.731,56.719,57.706,58.694,59.682,60.671,61.660,62.650,63.640,64.630,65.620,66.611,67.602,68.593,69.584,70.576,71.568,72.560,73.553,74.545,75.538,76.531,77.524,78.518,79.511,80.505,81.498,82.492,83.487,84.481,85.475,86.470,87.464,88.459,89.454,90.449,91.444,92.439,93.434,94.430,95.425,96.421,97.417,98.412,99.408,},
  {10.000,10.050,10.198,10.440,10.770,11.180,11.662,12.207,12.806,13.454,14.142,14.866,15.620,16.401,17.205,18.028,18.868,19.723,20.591,21.471,22.361,23.259,24.166,25.080,26.000,26.926,27.857,28.792,29.732,30.676,31.623,32.573,33.526,34.482,35.440,36.401,37.363,38.328,39.294,40.262,41.231,42.202,43.174,44.147,45.122,46.098,47.074,48.052,49.031,50.010,50.990,51.971,52.953,53.935,54.918,55.902,56.886,57.871,58.856,59.841,60.828,61.814,62.801,63.789,64.777,65.765,66.753,67.742,68.731,69.721,70.711,71.701,72.691,73.682,74.673,75.664,76.655,77.647,78.638,79.630,80.623,81.615,82.608,83.600,84.593,85.586,86.579,87.573,88.566,89.560,90.554,91.548,92.542,93.536,94.530,95.525,96.519,97.514,98.509,99.504,},
  {11.000,11.045,11.180,11.402,11.705,12.083,12.530,13.038,13.601,14.213,14.866,15.556,16.279,17.029,17.804,18.601,19.416,20.248,21.095,21.954,22.825,23.707,24.597,25.495,26.401,27.313,28.231,29.155,30.083,31.016,31.953,32.894,33.838,34.785,35.735,36.688,37.643,38.601,39.560,40.522,41.485,42.450,43.417,44.385,45.354,46.325,47.297,48.270,49.244,50.220,51.196,52.173,53.151,54.129,55.109,56.089,57.070,58.052,59.034,60.017,61.000,61.984,62.968,63.953,64.938,65.924,66.910,67.897,68.884,69.871,70.859,71.847,72.835,73.824,74.813,75.802,76.792,77.782,78.772,79.762,80.753,81.744,82.735,83.726,84.717,85.709,86.701,87.693,88.685,89.677,90.670,91.662,92.655,93.648,94.641,95.635,96.628,97.622,98.615,99.609,},
  {12.000,12.042,12.166,12.369,12.649,13.000,13.416,13.892,14.422,15.000,15.620,16.279,16.971,17.692,18.439,19.209,20.000,20.809,21.633,22.472,23.324,24.187,25.060,25.942,26.833,27.731,28.636,29.547,30.463,31.385,32.311,33.242,34.176,35.114,36.056,37.000,37.947,38.897,39.850,40.804,41.761,42.720,43.681,44.643,45.607,46.573,47.539,48.508,49.477,50.448,51.420,52.393,53.367,54.342,55.317,56.294,57.271,58.249,59.228,60.208,61.188,62.169,63.151,64.133,65.115,66.098,67.082,68.066,69.051,70.036,71.021,72.007,72.993,73.980,74.967,75.954,76.942,77.929,78.918,79.906,80.895,81.884,82.873,83.863,84.853,85.843,86.833,87.824,88.814,89.805,90.796,91.788,92.779,93.771,94.763,95.755,96.747,97.739,98.732,99.725,},
  {13.000,13.038,13.153,13.342,13.601,13.928,14.318,14.765,15.264,15.811,16.401,17.029,17.692,18.385,19.105,19.849,20.616,21.401,22.204,23.022,23.854,24.698,25.554,26.420,27.295,28.178,29.069,29.967,30.871,31.780,32.696,33.615,34.540,35.468,36.401,37.336,38.275,39.217,40.162,41.110,42.059,43.012,43.966,44.922,45.880,46.840,47.802,48.765,49.729,50.695,51.662,52.631,53.600,54.571,55.543,56.515,57.489,58.464,59.439,60.415,61.392,62.370,63.348,64.327,65.307,66.287,67.268,68.250,69.231,70.214,71.197,72.180,73.164,74.148,75.133,76.118,77.104,78.090,79.076,80.062,81.049,82.037,83.024,84.012,85.000,85.988,86.977,87.966,88.955,89.944,90.934,91.924,92.914,93.904,94.895,95.885,96.876,97.867,98.858,99.850,},
  {14.000,14.036,14.142,14.318,14.560,14.866,15.232,15.652,16.125,16.643,17.205,17.804,18.439,19.105,19.799,20.518,21.260,22.023,22.804,23.601,24.413,25.239,26.077,26.926,27.785,28.653,29.530,30.414,31.305,32.202,33.106,34.015,34.928,35.847,36.770,37.696,38.626,39.560,40.497,41.437,42.379,43.324,44.272,45.222,46.174,47.127,48.083,49.041,50.000,50.961,51.923,52.887,53.852,54.818,55.785,56.754,57.723,58.694,59.666,60.638,61.612,62.586,63.561,64.537,65.513,66.491,67.469,68.447,69.426,70.406,71.386,72.367,73.348,74.330,75.313,76.295,77.279,78.262,79.246,80.231,81.216,82.201,83.187,84.172,85.159,86.145,87.132,88.119,89.107,90.094,91.082,92.071,93.059,94.048,95.037,96.026,97.015,98.005,98.995,99.985,},
  {15.000,15.033,15.133,15.297,15.524,15.811,16.155,16.553,17.000,17.493,18.028,18.601,19.209,19.849,20.518,21.213,21.932,22.672,23.431,24.207,25.000,25.807,26.627,27.459,28.302,29.155,30.017,30.887,31.765,32.650,33.541,34.438,35.341,36.249,37.162,38.079,39.000,39.925,40.853,41.785,42.720,43.658,44.598,45.541,46.487,47.434,48.384,49.336,50.289,51.245,52.202,53.160,54.120,55.082,56.045,57.009,57.974,58.941,59.908,60.877,61.847,62.817,63.789,64.761,65.734,66.708,67.683,68.659,69.635,70.612,71.589,72.567,73.546,74.525,75.505,76.485,77.466,78.447,79.429,80.411,81.394,82.377,83.361,84.345,85.329,86.313,87.298,88.284,89.269,90.255,91.241,92.228,93.215,94.202,95.189,96.177,97.165,98.153,99.141,100.130,},
  {16.000,16.031,16.125,16.279,16.492,16.763,17.088,17.464,17.889,18.358,18.868,19.416,20.000,20.616,21.260,21.932,22.627,23.345,24.083,24.839,25.612,26.401,27.203,28.018,28.844,29.682,30.529,31.385,32.249,33.121,34.000,34.886,35.777,36.674,37.577,38.484,39.395,40.311,41.231,42.154,43.081,44.011,44.944,45.880,46.819,47.760,48.703,49.649,50.596,51.546,52.498,53.451,54.406,55.362,56.321,57.280,58.241,59.203,60.166,61.131,62.097,63.063,64.031,65.000,65.970,66.940,67.912,68.884,69.857,70.831,71.805,72.780,73.756,74.733,75.710,76.688,77.666,78.645,79.624,80.604,81.584,82.565,83.546,84.528,85.510,86.493,87.476,88.459,89.443,90.427,91.411,92.396,93.381,94.366,95.352,96.338,97.324,98.311,99.298,100.285,},
  {17.000,17.029,17.117,17.263,17.464,17.720,18.028,18.385,18.788,19.235,19.723,20.248,20.809,21.401,22.023,22.672,23.345,24.042,24.759,25.495,26.249,27.019,27.803,28.601,29.411,30.232,31.064,31.906,32.757,33.615,34.482,35.355,36.235,37.121,38.013,38.910,39.812,40.719,41.629,42.544,43.463,44.385,45.310,46.239,47.170,48.104,49.041,49.980,50.922,51.865,52.811,53.759,54.708,55.660,56.613,57.567,58.523,59.481,60.440,61.400,62.362,63.325,64.288,65.253,66.219,67.186,68.154,69.123,70.093,71.063,72.035,73.007,73.980,74.953,75.928,76.903,77.878,78.854,79.831,80.808,81.786,82.765,83.744,84.723,85.703,86.683,87.664,88.645,89.627,90.609,91.591,92.574,93.557,94.541,95.525,96.509,97.494,98.478,99.464,100.449,},
  {18.000,18.028,18.111,18.248,18.439,18.682,18.974,19.313,19.698,20.125,20.591,21.095,21.633,22.204,22.804,23.431,24.083,24.759,25.456,26.173,26.907,27.659,28.425,29.206,30.000,30.806,31.623,32.450,33.287,34.132,34.986,35.847,36.715,37.590,38.471,39.357,40.249,41.146,42.048,42.953,43.863,44.777,45.695,46.615,47.539,48.466,49.396,50.329,51.264,52.202,53.141,54.083,55.027,55.973,56.921,57.871,58.822,59.775,60.729,61.685,62.642,63.600,64.560,65.521,66.483,67.446,68.411,69.376,70.342,71.309,72.277,73.246,74.216,75.186,76.158,77.130,78.102,79.076,80.050,81.025,82.000,82.976,83.952,84.929,85.907,86.885,87.864,88.843,89.822,90.802,91.782,92.763,93.744,94.726,95.708,96.690,97.673,98.656,99.639,100.623,},
  {19.000,19.026,19.105,19.235,19.416,19.647,19.925,20.248,20.616,21.024,21.471,21.954,22.472,23.022,23.601,24.207,24.839,25.495,26.173,26.870,27.586,28.320,29.069,29.833,30.610,31.401,32.202,33.015,33.838,34.670,35.511,36.359,37.216,38.079,38.949,39.825,40.706,41.593,42.485,43.382,44.283,45.188,46.098,47.011,47.927,48.847,49.769,50.695,51.624,52.555,53.488,54.424,55.362,56.303,57.245,58.189,59.135,60.083,61.033,61.984,62.936,63.891,64.846,65.803,66.761,67.720,68.680,69.642,70.605,71.568,72.533,73.498,74.465,75.432,76.400,77.369,78.339,79.310,80.281,81.253,82.225,83.199,84.172,85.147,86.122,87.098,88.074,89.051,90.028,91.005,91.984,92.962,93.941,94.921,95.901,96.881,97.862,98.843,99.825,100.807,},
  {20.000,20.025,20.100,20.224,20.396,20.616,20.881,21.190,21.541,21.932,22.361,22.825,23.324,23.854,24.413,25.000,25.612,26.249,26.907,27.586,28.284,29.000,29.732,30.480,31.241,32.016,32.802,33.601,34.409,35.228,36.056,36.892,37.736,38.588,39.446,40.311,41.183,42.059,42.942,43.829,44.721,45.618,46.519,47.424,48.332,49.244,50.160,51.078,52.000,52.924,53.852,54.781,55.714,56.648,57.585,58.523,59.464,60.407,61.351,62.298,63.246,64.195,65.146,66.098,67.052,68.007,68.964,69.921,70.880,71.840,72.801,73.763,74.726,75.690,76.655,77.621,78.588,79.555,80.523,81.492,82.462,83.433,84.404,85.376,86.348,87.321,88.295,89.269,90.244,91.220,92.195,93.172,94.149,95.126,96.104,97.082,98.061,99.040,100.020,101.000,},
  {21.000,21.024,21.095,21.213,21.378,21.587,21.840,22.136,22.472,22.847,23.259,23.707,24.187,24.698,25.239,25.807,26.401,27.019,27.659,28.320,29.000,29.698,30.414,31.145,31.890,32.650,33.422,34.205,35.000,35.805,36.620,37.443,38.275,39.115,39.962,40.817,41.677,42.544,43.417,44.294,45.177,46.065,46.957,47.854,48.754,49.659,50.567,51.478,52.393,53.310,54.231,55.154,56.080,57.009,57.940,58.873,59.808,60.745,61.685,62.626,63.569,64.514,65.460,66.408,67.357,68.308,69.260,70.214,71.169,72.125,73.082,74.041,75.000,75.961,76.922,77.885,78.848,79.812,80.777,81.744,82.710,83.678,84.646,85.615,86.585,87.556,88.527,89.499,90.471,91.444,92.418,93.392,94.366,95.341,96.317,97.293,98.270,99.247,100.225,101.203,},
  {22.000,22.023,22.091,22.204,22.361,22.561,22.804,23.087,23.409,23.770,24.166,24.597,25.060,25.554,26.077,26.627,27.203,27.803,28.425,29.069,29.732,30.414,31.113,31.828,32.558,33.302,34.059,34.828,35.609,36.401,37.202,38.013,38.833,39.661,40.497,41.340,42.190,43.046,43.909,44.777,45.651,46.530,47.413,48.301,49.193,50.090,50.990,51.894,52.802,53.712,54.626,55.543,56.462,57.385,58.310,59.237,60.166,61.098,62.032,62.968,63.906,64.846,65.788,66.731,67.676,68.622,69.570,70.520,71.470,72.422,73.376,74.330,75.286,76.243,77.201,78.160,79.120,80.081,81.043,82.006,82.970,83.934,84.900,85.866,86.833,87.801,88.769,89.739,90.708,91.679,92.650,93.622,94.594,95.567,96.540,97.514,98.489,99.464,100.439,101.415,},
  {23.000,23.022,23.087,23.195,23.345,23.537,23.770,24.042,24.352,24.698,25.080,25.495,25.942,26.420,26.926,27.459,28.018,28.601,29.206,29.833,30.480,31.145,31.828,32.527,33.242,33.971,34.713,35.468,36.235,37.014,37.802,38.601,39.408,40.224,41.049,41.881,42.720,43.566,44.418,45.277,46.141,47.011,47.885,48.765,49.649,50.537,51.430,52.326,53.226,54.129,55.036,55.946,56.859,57.775,58.694,59.615,60.539,61.465,62.394,63.325,64.257,65.192,66.129,67.067,68.007,68.949,69.893,70.838,71.784,72.732,73.682,74.632,75.584,76.538,77.492,78.447,79.404,80.362,81.320,82.280,83.241,84.202,85.165,86.128,87.092,88.057,89.022,89.989,90.956,91.924,92.892,93.862,94.831,95.802,96.773,97.745,98.717,99.690,100.663,101.637,},
  {24.000,24.021,24.083,24.187,24.331,24.515,24.739,25.000,25.298,25.632,26.000,26.401,26.833,27.295,27.785,28.302,28.844,29.411,30.000,30.610,31.241,31.890,32.558,33.242,33.941,34.655,35.384,36.125,36.878,37.643,38.419,39.205,40.000,40.804,41.617,42.438,43.267,44.102,44.944,45.793,46.648,47.508,48.374,49.244,50.120,51.000,51.884,52.773,53.666,54.562,55.462,56.365,57.271,58.181,59.093,60.008,60.926,61.847,62.769,63.695,64.622,65.552,66.483,67.417,68.352,69.289,70.228,71.169,72.111,73.055,74.000,74.947,75.895,76.844,77.795,78.746,79.699,80.654,81.609,82.565,83.522,84.481,85.440,86.400,87.361,88.323,89.286,90.250,91.214,92.179,93.145,94.112,95.079,96.047,97.015,97.985,98.955,99.925,100.896,101.868,},
  {25.000,25.020,25.080,25.179,25.318,25.495,25.710,25.962,26.249,26.571,26.926,27.313,27.731,28.178,28.653,29.155,29.682,30.232,30.806,31.401,32.016,32.650,33.302,33.971,34.655,35.355,36.069,36.797,37.537,38.288,39.051,39.825,40.608,41.400,42.202,43.012,43.829,44.654,45.486,46.325,47.170,48.021,48.877,49.739,50.606,51.478,52.355,53.235,54.120,55.009,55.902,56.798,57.697,58.600,59.506,60.415,61.327,62.241,63.159,64.078,65.000,65.924,66.851,67.779,68.710,69.642,70.576,71.512,72.450,73.389,74.330,75.273,76.217,77.162,78.109,79.057,80.006,80.957,81.908,82.861,83.815,84.770,85.726,86.683,87.641,88.600,89.560,90.521,91.482,92.445,93.408,94.372,95.336,96.302,97.268,98.234,99.202,100.170,101.139,102.108,},
  {26.000,26.019,26.077,26.173,26.306,26.476,26.683,26.926,27.203,27.514,27.857,28.231,28.636,29.069,29.530,30.017,30.529,31.064,31.623,32.202,32.802,33.422,34.059,34.713,35.384,36.069,36.770,37.483,38.210,38.949,39.699,40.460,41.231,42.012,42.802,43.600,44.407,45.222,46.043,46.872,47.707,48.549,49.396,50.249,51.108,51.971,52.839,53.712,54.589,55.471,56.356,57.245,58.138,59.034,59.933,60.836,61.741,62.650,63.561,64.475,65.391,66.310,67.231,68.154,69.080,70.007,70.937,71.868,72.801,73.736,74.673,75.611,76.551,77.492,78.435,79.379,80.324,81.271,82.219,83.169,84.119,85.071,86.023,86.977,87.932,88.888,89.844,90.802,91.761,92.720,93.680,94.641,95.603,96.566,97.529,98.494,99.459,100.424,101.390,102.357,},
  {27.000,27.019,27.074,27.166,27.295,27.459,27.659,27.893,28.160,28.460,28.792,29.155,29.547,29.967,30.414,30.887,31.385,31.906,32.450,33.015,33.601,34.205,34.828,35.468,36.125,36.797,37.483,38.184,38.897,39.623,40.361,41.110,41.869,42.638,43.417,44.204,45.000,45.804,46.615,47.434,48.260,49.092,49.930,50.774,51.624,52.479,53.339,54.203,55.073,55.946,56.824,57.706,58.592,59.481,60.374,61.270,62.169,63.071,63.977,64.885,65.795,66.708,67.624,68.542,69.462,70.385,71.309,72.236,73.164,74.095,75.027,75.961,76.896,77.833,78.772,79.712,80.654,81.597,82.541,83.487,84.433,85.381,86.331,87.281,88.233,89.185,90.139,91.093,92.049,93.005,93.963,94.921,95.880,96.840,97.801,98.762,99.725,100.688,101.651,102.616,},
  {28.000,28.018,28.071,28.160,28.284,28.443,28.636,28.862,29.120,29.411,29.732,30.083,30.463,30.871,31.305,31.765,32.249,32.757,33.287,33.838,34.409,35.000,35.609,36.235,36.878,37.537,38.210,38.897,39.598,40.311,41.037,41.773,42.521,43.278,44.045,44.822,45.607,46.400,47.202,48.010,48.826,49.649,50.478,51.313,52.154,53.000,53.852,54.708,55.570,56.436,57.306,58.181,59.059,59.942,60.828,61.717,62.610,63.506,64.405,65.307,66.212,67.119,68.029,68.942,69.857,70.774,71.694,72.615,73.539,74.465,75.392,76.322,77.253,78.186,79.120,80.056,80.994,81.933,82.873,83.815,84.758,85.703,86.649,87.596,88.544,89.493,90.443,91.395,92.347,93.301,94.255,95.210,96.167,97.124,98.082,99.040,100.000,100.960,101.922,102.883,},
  {29.000,29.017,29.069,29.155,29.275,29.428,29.614,29.833,30.083,30.364,30.676,31.016,31.385,31.780,32.202,32.650,33.121,33.615,34.132,34.670,35.228,35.805,36.401,37.014,37.643,38.288,38.949,39.623,40.311,41.012,41.725,42.450,43.186,43.932,44.688,45.453,46.228,47.011,47.802,48.600,49.406,50.220,51.039,51.865,52.697,53.535,54.378,55.227,56.080,56.939,57.801,58.669,59.540,60.415,61.294,62.177,63.063,63.953,64.846,65.742,66.641,67.543,68.447,69.354,70.264,71.176,72.090,73.007,73.926,74.847,75.769,76.694,77.621,78.549,79.480,80.411,81.345,82.280,83.217,84.155,85.094,86.035,86.977,87.920,88.865,89.811,90.758,91.706,92.655,93.606,94.557,95.509,96.462,97.417,98.372,99.328,100.285,101.242,102.201,103.160,},
  {30.000,30.017,30.067,30.150,30.265,30.414,30.594,30.806,31.048,31.321,31.623,31.953,32.311,32.696,33.106,33.541,34.000,34.482,34.986,35.511,36.056,36.620,37.202,37.802,38.419,39.051,39.699,40.361,41.037,41.725,42.426,43.139,43.863,44.598,45.343,46.098,46.861,47.634,48.415,49.204,50.000,50.804,51.614,52.431,53.254,54.083,54.918,55.758,56.604,57.454,58.310,59.169,60.033,60.902,61.774,62.650,63.530,64.413,65.299,66.189,67.082,67.978,68.877,69.778,70.682,71.589,72.498,73.410,74.324,75.240,76.158,77.078,78.000,78.924,79.850,80.777,81.707,82.638,83.570,84.504,85.440,86.377,87.316,88.255,89.196,90.139,91.082,92.027,92.973,93.920,94.868,95.818,96.768,97.719,98.671,99.624,100.578,101.533,102.489,103.446,},
  {31.000,31.016,31.064,31.145,31.257,31.401,31.575,31.780,32.016,32.280,32.573,32.894,33.242,33.615,34.015,34.438,34.886,35.355,35.847,36.359,36.892,37.443,38.013,38.601,39.205,39.825,40.460,41.110,41.773,42.450,43.139,43.841,44.553,45.277,46.011,46.755,47.508,48.270,49.041,49.820,50.606,51.400,52.202,53.009,53.824,54.644,55.471,56.303,57.140,57.983,58.830,59.682,60.539,61.400,62.266,63.135,64.008,64.885,65.765,66.648,67.535,68.425,69.318,70.214,71.113,72.014,72.918,73.824,74.733,75.644,76.557,77.473,78.390,79.310,80.231,81.154,82.079,83.006,83.934,84.865,85.796,86.729,87.664,88.600,89.538,90.477,91.417,92.358,93.301,94.244,95.189,96.135,97.082,98.031,98.980,99.930,100.881,101.833,102.786,103.740,},
  {32.000,32.016,32.062,32.140,32.249,32.388,32.558,32.757,32.985,33.242,33.526,33.838,34.176,34.540,34.928,35.341,35.777,36.235,36.715,37.216,37.736,38.275,38.833,39.408,40.000,40.608,41.231,41.869,42.521,43.186,43.863,44.553,45.255,45.967,46.690,47.424,48.166,48.918,49.679,50.448,51.225,52.010,52.802,53.600,54.406,55.218,56.036,56.859,57.689,58.523,59.363,60.208,61.057,61.911,62.769,63.632,64.498,65.368,66.242,67.119,68.000,68.884,69.771,70.661,71.554,72.450,73.348,74.250,75.153,76.059,76.968,77.878,78.791,79.706,80.623,81.541,82.462,83.385,84.309,85.235,86.163,87.092,88.023,88.955,89.889,90.824,91.761,92.698,93.638,94.578,95.520,96.462,97.406,98.351,99.298,100.245,101.193,102.142,103.092,104.043,},
  {33.000,33.015,33.061,33.136,33.242,33.377,33.541,33.734,33.956,34.205,34.482,34.785,35.114,35.468,35.847,36.249,36.674,37.121,37.590,38.079,38.588,39.115,39.661,40.224,40.804,41.400,42.012,42.638,43.278,43.932,44.598,45.277,45.967,46.669,47.381,48.104,48.836,49.578,50.329,51.088,51.856,52.631,53.413,54.203,55.000,55.803,56.613,57.428,58.249,59.076,59.908,60.745,61.587,62.434,63.285,64.140,65.000,65.863,66.731,67.602,68.476,69.354,70.235,71.120,72.007,72.897,73.790,74.686,75.584,76.485,77.389,78.294,79.202,80.112,81.025,81.939,82.855,83.774,84.694,85.615,86.539,87.464,88.391,89.320,90.250,91.181,92.114,93.048,93.984,94.921,95.859,96.799,97.739,98.681,99.624,100.568,101.514,102.460,103.407,104.355,},
  {34.000,34.015,34.059,34.132,34.234,34.366,34.525,34.713,34.928,35.171,35.440,35.735,36.056,36.401,36.770,37.162,37.577,38.013,38.471,38.949,39.446,39.962,40.497,41.049,41.617,42.202,42.802,43.417,44.045,44.688,45.343,46.011,46.690,47.381,48.083,48.795,49.518,50.249,50.990,51.740,52.498,53.263,54.037,54.818,55.606,56.400,57.201,58.009,58.822,59.641,60.465,61.294,62.129,62.968,63.812,64.661,65.513,66.370,67.231,68.096,68.964,69.836,70.711,71.589,72.471,73.355,74.243,75.133,76.026,76.922,77.820,78.721,79.624,80.529,81.437,82.347,83.259,84.172,85.088,86.006,86.925,87.846,88.769,89.694,90.620,91.548,92.477,93.408,94.340,95.273,96.208,97.144,98.082,99.020,99.960,100.901,101.843,102.786,103.730,104.676,},
  {35.000,35.014,35.057,35.128,35.228,35.355,35.511,35.693,35.903,36.139,36.401,36.688,37.000,37.336,37.696,38.079,38.484,38.910,39.357,39.825,40.311,40.817,41.340,41.881,42.438,43.012,43.600,44.204,44.822,45.453,46.098,46.755,47.424,48.104,48.795,49.497,50.210,50.931,51.662,52.402,53.151,53.907,54.672,55.444,56.223,57.009,57.801,58.600,59.405,60.216,61.033,61.855,62.682,63.514,64.351,65.192,66.038,66.888,67.742,68.600,69.462,70.328,71.197,72.069,72.945,73.824,74.706,75.591,76.479,77.369,78.262,79.158,80.056,80.957,81.860,82.765,83.672,84.581,85.493,86.406,87.321,88.238,89.157,90.078,91.000,91.924,92.849,93.776,94.705,95.635,96.566,97.499,98.433,99.368,100.305,101.242,102.181,103.121,104.062,105.005,},
  {36.000,36.014,36.056,36.125,36.222,36.346,36.497,36.674,36.878,37.108,37.363,37.643,37.947,38.275,38.626,39.000,39.395,39.812,40.249,40.706,41.183,41.677,42.190,42.720,43.267,43.829,44.407,45.000,45.607,46.228,46.861,47.508,48.166,48.836,49.518,50.210,50.912,51.624,52.345,53.075,53.814,54.562,55.317,56.080,56.851,57.628,58.412,59.203,60.000,60.803,61.612,62.426,63.246,64.070,64.900,65.734,66.573,67.417,68.264,69.116,69.971,70.831,71.694,72.560,73.430,74.303,75.180,76.059,76.942,77.827,78.715,79.605,80.498,81.394,82.292,83.193,84.095,85.000,85.907,86.816,87.727,88.640,89.554,90.471,91.389,92.309,93.231,94.154,95.079,96.005,96.933,97.862,98.793,99.725,100.658,101.592,102.528,103.465,104.403,105.342,},
  {37.000,37.014,37.054,37.121,37.216,37.336,37.483,37.656,37.855,38.079,38.328,38.601,38.897,39.217,39.560,39.925,40.311,40.719,41.146,41.593,42.059,42.544,43.046,43.566,44.102,44.654,45.222,45.804,46.400,47.011,47.634,48.270,48.918,49.578,50.249,50.931,51.624,52.326,53.038,53.759,54.489,55.227,55.973,56.727,57.489,58.258,59.034,59.816,60.605,61.400,62.201,63.008,63.820,64.637,65.460,66.287,67.119,67.956,68.797,69.642,70.491,71.344,72.201,73.062,73.926,74.793,75.664,76.538,77.414,78.294,79.177,80.062,80.951,81.841,82.735,83.630,84.528,85.428,86.331,87.235,88.142,89.051,89.961,90.874,91.788,92.704,93.622,94.541,95.462,96.385,97.309,98.234,99.161,100.090,101.020,101.951,102.883,103.817,104.752,105.688,},
  {38.000,38.013,38.053,38.118,38.210,38.328,38.471,38.639,38.833,39.051,39.294,39.560,39.850,40.162,40.497,40.853,41.231,41.629,42.048,42.485,42.942,43.417,43.909,44.418,44.944,45.486,46.043,46.615,47.202,47.802,48.415,49.041,49.679,50.329,50.990,51.662,52.345,53.038,53.740,54.452,55.172,55.902,56.639,57.385,58.138,58.898,59.666,60.440,61.221,62.008,62.801,63.600,64.405,65.215,66.030,66.851,67.676,68.505,69.340,70.178,71.021,71.868,72.719,73.573,74.431,75.293,76.158,77.026,77.897,78.772,79.649,80.529,81.413,82.298,83.187,84.077,84.971,85.866,86.764,87.664,88.566,89.471,90.377,91.285,92.195,93.107,94.021,94.937,95.854,96.773,97.693,98.615,99.539,100.464,101.390,102.318,103.247,104.178,105.109,106.042,},
  {39.000,39.013,39.051,39.115,39.205,39.319,39.459,39.623,39.812,40.025,40.262,40.522,40.804,41.110,41.437,41.785,42.154,42.544,42.953,43.382,43.829,44.294,44.777,45.277,45.793,46.325,46.872,47.434,48.010,48.600,49.204,49.820,50.448,51.088,51.740,52.402,53.075,53.759,54.452,55.154,55.866,56.586,57.315,58.052,58.796,59.548,60.308,61.074,61.847,62.626,63.411,64.203,65.000,65.803,66.611,67.424,68.242,69.065,69.893,70.725,71.561,72.402,73.246,74.095,74.947,75.802,76.662,77.524,78.390,79.259,80.131,81.006,81.884,82.765,83.648,84.534,85.422,86.313,87.207,88.102,89.000,89.900,90.802,91.706,92.612,93.520,94.430,95.341,96.255,97.170,98.087,99.005,99.925,100.846,101.769,102.694,103.619,104.547,105.475,106.405,},
  {40.000,40.012,40.050,40.112,40.200,40.311,40.447,40.608,40.792,41.000,41.231,41.485,41.761,42.059,42.379,42.720,43.081,43.463,43.863,44.283,44.721,45.177,45.651,46.141,46.648,47.170,47.707,48.260,48.826,49.406,50.000,50.606,51.225,51.856,52.498,53.151,53.814,54.489,55.172,55.866,56.569,57.280,58.000,58.728,59.464,60.208,60.959,61.717,62.482,63.253,64.031,64.815,65.605,66.400,67.201,68.007,68.819,69.635,70.456,71.281,72.111,72.945,73.783,74.626,75.472,76.322,77.175,78.032,78.892,79.756,80.623,81.492,82.365,83.241,84.119,85.000,85.884,86.770,87.658,88.549,89.443,90.338,91.236,92.136,93.038,93.941,94.847,95.755,96.664,97.576,98.489,99.403,100.319,101.237,102.157,103.078,104.000,104.924,105.849,106.775,},
  {41.000,41.012,41.049,41.110,41.195,41.304,41.437,41.593,41.773,41.976,42.202,42.450,42.720,43.012,43.324,43.658,44.011,44.385,44.777,45.188,45.618,46.065,46.530,47.011,47.508,48.021,48.549,49.092,49.649,50.220,50.804,51.400,52.010,52.631,53.263,53.907,54.562,55.227,55.902,56.586,57.280,57.983,58.694,59.414,60.141,60.877,61.620,62.370,63.127,63.891,64.661,65.437,66.219,67.007,67.801,68.600,69.405,70.214,71.028,71.847,72.670,73.498,74.330,75.166,76.007,76.851,77.698,78.549,79.404,80.262,81.123,81.988,82.855,83.726,84.599,85.475,86.354,87.235,88.119,89.006,89.894,90.785,91.679,92.574,93.472,94.372,95.273,96.177,97.082,97.990,98.899,99.810,100.722,101.637,102.552,103.470,104.389,105.309,106.231,107.154,},
  {42.000,42.012,42.048,42.107,42.190,42.297,42.426,42.579,42.755,42.953,43.174,43.417,43.681,43.966,44.272,44.598,44.944,45.310,45.695,46.098,46.519,46.957,47.413,47.885,48.374,48.877,49.396,49.930,50.478,51.039,51.614,52.202,52.802,53.413,54.037,54.672,55.317,55.973,56.639,57.315,58.000,58.694,59.397,60.108,60.828,61.555,62.290,63.032,63.781,64.537,65.299,66.068,66.843,67.624,68.411,69.203,70.000,70.803,71.610,72.422,73.239,74.061,74.887,75.717,76.551,77.389,78.230,79.076,79.925,80.777,81.633,82.492,83.355,84.220,85.088,85.959,86.833,87.710,88.589,89.471,90.355,91.241,92.130,93.022,93.915,94.810,95.708,96.607,97.509,98.412,99.318,100.225,101.134,102.044,102.956,103.870,104.785,105.702,106.621,107.541,},
  {43.000,43.012,43.046,43.105,43.186,43.290,43.417,43.566,43.738,43.932,44.147,44.385,44.643,44.922,45.222,45.541,45.880,46.239,46.615,47.011,47.424,47.854,48.301,48.765,49.244,49.739,50.249,50.774,51.313,51.865,52.431,53.009,53.600,54.203,54.818,55.444,56.080,56.727,57.385,58.052,58.728,59.414,60.108,60.811,61.522,62.241,62.968,63.702,64.444,65.192,65.947,66.708,67.476,68.250,69.029,69.814,70.605,71.400,72.201,73.007,73.817,74.632,75.452,76.276,77.104,77.936,78.772,79.612,80.455,81.302,82.152,83.006,83.863,84.723,85.586,86.452,87.321,88.193,89.067,89.944,90.824,91.706,92.590,93.477,94.366,95.258,96.151,97.046,97.944,98.843,99.745,100.648,101.553,102.460,103.368,104.278,105.190,106.104,107.019,107.935,},
  {44.000,44.011,44.045,44.102,44.181,44.283,44.407,44.553,44.721,44.911,45.122,45.354,45.607,45.880,46.174,46.487,46.819,47.170,47.539,47.927,48.332,48.754,49.193,49.649,50.120,50.606,51.108,51.624,52.154,52.697,53.254,53.824,54.406,55.000,55.606,56.223,56.851,57.489,58.138,58.796,59.464,60.141,60.828,61.522,62.225,62.936,63.655,64.382,65.115,65.856,66.603,67.357,68.118,68.884,69.656,70.434,71.218,72.007,72.801,73.600,74.404,75.213,76.026,76.844,77.666,78.492,79.322,80.156,80.994,81.835,82.680,83.528,84.380,85.235,86.093,86.954,87.818,88.685,89.554,90.427,91.302,92.179,93.059,93.941,94.826,95.713,96.602,97.494,98.387,99.282,100.180,101.079,101.980,102.883,103.788,104.695,105.603,106.513,107.424,108.337,},
  {45.000,45.011,45.044,45.100,45.177,45.277,45.398,45.541,45.706,45.891,46.098,46.325,46.573,46.840,47.127,47.434,47.760,48.104,48.466,48.847,49.244,49.659,50.090,50.537,51.000,51.478,51.971,52.479,53.000,53.535,54.083,54.644,55.218,55.803,56.400,57.009,57.628,58.258,58.898,59.548,60.208,60.877,61.555,62.241,62.936,63.640,64.351,65.069,65.795,66.528,67.268,68.015,68.768,69.527,70.292,71.063,71.840,72.622,73.410,74.202,75.000,75.802,76.609,77.421,78.237,79.057,79.881,80.709,81.541,82.377,83.217,84.060,84.906,85.755,86.608,87.464,88.323,89.185,90.050,90.918,91.788,92.661,93.536,94.414,95.294,96.177,97.062,97.949,98.838,99.730,100.623,101.518,102.416,103.315,104.216,105.119,106.024,106.930,107.838,108.747,},
  {46.000,46.011,46.043,46.098,46.174,46.271,46.390,46.530,46.690,46.872,47.074,47.297,47.539,47.802,48.083,48.384,48.703,49.041,49.396,49.769,50.160,50.567,50.990,51.430,51.884,52.355,52.839,53.339,53.852,54.378,54.918,55.471,56.036,56.613,57.201,57.801,58.412,59.034,59.666,60.308,60.959,61.620,62.290,62.968,63.655,64.351,65.054,65.765,66.483,67.209,67.941,68.680,69.426,70.178,70.937,71.701,72.471,73.246,74.027,74.813,75.604,76.400,77.201,78.006,78.816,79.630,80.449,81.271,82.098,82.928,83.762,84.599,85.440,86.284,87.132,87.983,88.837,89.694,90.554,91.417,92.282,93.150,94.021,94.895,95.771,96.649,97.529,98.412,99.298,100.185,101.074,101.966,102.859,103.755,104.652,105.551,106.452,107.355,108.259,109.165,},
  {47.000,47.011,47.043,47.096,47.170,47.265,47.381,47.518,47.676,47.854,48.052,48.270,48.508,48.765,49.041,49.336,49.649,49.980,50.329,50.695,51.078,51.478,51.894,52.326,52.773,53.235,53.712,54.203,54.708,55.227,55.758,56.303,56.859,57.428,58.009,58.600,59.203,59.816,60.440,61.074,61.717,62.370,63.032,63.702,64.382,65.069,65.765,66.468,67.179,67.897,68.622,69.354,70.093,70.838,71.589,72.346,73.110,73.878,74.653,75.432,76.217,77.006,77.801,78.600,79.404,80.212,81.025,81.841,82.662,83.487,84.315,85.147,85.983,86.822,87.664,88.510,89.359,90.211,91.066,91.924,92.785,93.648,94.515,95.383,96.255,97.129,98.005,98.884,99.765,100.648,101.533,102.421,103.310,104.202,105.095,105.991,106.888,107.787,108.688,109.590,},
  {48.000,48.010,48.042,48.094,48.166,48.260,48.374,48.508,48.662,48.836,49.031,49.244,49.477,49.729,50.000,50.289,50.596,50.922,51.264,51.624,52.000,52.393,52.802,53.226,53.666,54.120,54.589,55.073,55.570,56.080,56.604,57.140,57.689,58.249,58.822,59.405,60.000,60.605,61.221,61.847,62.482,63.127,63.781,64.444,65.115,65.795,66.483,67.179,67.882,68.593,69.311,70.036,70.767,71.505,72.250,73.000,73.756,74.518,75.286,76.059,76.837,77.621,78.409,79.202,80.000,80.802,81.609,82.420,83.235,84.054,84.876,85.703,86.533,87.367,88.204,89.045,89.889,90.736,91.586,92.439,93.295,94.154,95.016,95.880,96.747,97.617,98.489,99.363,100.240,101.119,102.000,102.883,103.769,104.657,105.546,106.438,107.331,108.227,109.124,110.023,},
  {49.000,49.010,49.041,49.092,49.163,49.254,49.366,49.497,49.649,49.820,50.010,50.220,50.448,50.695,50.961,51.245,51.546,51.865,52.202,52.555,52.924,53.310,53.712,54.129,54.562,55.009,55.471,55.946,56.436,56.939,57.454,57.983,58.523,59.076,59.641,60.216,60.803,61.400,62.008,62.626,63.253,63.891,64.537,65.192,65.856,66.528,67.209,67.897,68.593,69.296,70.007,70.725,71.449,72.180,72.918,73.661,74.411,75.166,75.928,76.694,77.466,78.243,79.025,79.812,80.604,81.400,82.201,83.006,83.815,84.629,85.446,86.267,87.092,87.920,88.752,89.588,90.427,91.269,92.114,92.962,93.814,94.668,95.525,96.385,97.247,98.112,98.980,99.850,100.722,101.597,102.474,103.354,104.235,105.119,106.005,106.892,107.782,108.674,109.567,110.463,},
  {50.000,50.010,50.040,50.090,50.160,50.249,50.359,50.488,50.636,50.804,50.990,51.196,51.420,51.662,51.923,52.202,52.498,52.811,53.141,53.488,53.852,54.231,54.626,55.036,55.462,55.902,56.356,56.824,57.306,57.801,58.310,58.830,59.363,59.908,60.465,61.033,61.612,62.201,62.801,63.411,64.031,64.661,65.299,65.947,66.603,67.268,67.941,68.622,69.311,70.007,70.711,71.421,72.139,72.863,73.593,74.330,75.073,75.822,76.577,77.337,78.102,78.873,79.649,80.430,81.216,82.006,82.801,83.600,84.404,85.212,86.023,86.839,87.658,88.482,89.308,90.139,90.973,91.810,92.650,93.493,94.340,95.189,96.042,96.897,97.755,98.615,99.479,100.344,101.213,102.083,102.956,103.832,104.709,105.589,106.471,107.355,108.240,109.128,110.018,110.910,},
  {51.000,51.010,51.039,51.088,51.157,51.245,51.352,51.478,51.624,51.788,51.971,52.173,52.393,52.631,52.887,53.160,53.451,53.759,54.083,54.424,54.781,55.154,55.543,55.946,56.365,56.798,57.245,57.706,58.181,58.669,59.169,59.682,60.208,60.745,61.294,61.855,62.426,63.008,63.600,64.203,64.815,65.437,66.068,66.708,67.357,68.015,68.680,69.354,70.036,70.725,71.421,72.125,72.835,73.553,74.277,75.007,75.743,76.485,77.233,77.987,78.746,79.511,80.281,81.056,81.835,82.620,83.409,84.202,85.000,85.802,86.608,87.419,88.233,89.051,89.872,90.697,91.526,92.358,93.193,94.032,94.874,95.718,96.566,97.417,98.270,99.126,99.985,100.846,101.710,102.577,103.446,104.317,105.190,106.066,106.944,107.824,108.706,109.590,110.476,111.364,},
  {52.000,52.010,52.038,52.086,52.154,52.240,52.345,52.469,52.612,52.773,52.953,53.151,53.367,53.600,53.852,54.120,54.406,54.708,55.027,55.362,55.714,56.080,56.462,56.859,57.271,57.697,58.138,58.592,59.059,59.540,60.033,60.539,61.057,61.587,62.129,62.682,63.246,63.820,64.405,65.000,65.605,66.219,66.843,67.476,68.118,68.768,69.426,70.093,70.767,71.449,72.139,72.835,73.539,74.250,74.967,75.690,76.420,77.156,77.897,78.645,79.398,80.156,80.920,81.688,82.462,83.241,84.024,84.812,85.604,86.400,87.201,88.006,88.814,89.627,90.443,91.263,92.087,92.914,93.744,94.578,95.415,96.255,97.098,97.944,98.793,99.644,100.499,101.356,102.215,103.078,103.942,104.809,105.679,106.550,107.424,108.301,109.179,110.059,110.941,111.826,},
  {53.000,53.009,53.038,53.085,53.151,53.235,53.339,53.460,53.600,53.759,53.935,54.129,54.342,54.571,54.818,55.082,55.362,55.660,55.973,56.303,56.648,57.009,57.385,57.775,58.181,58.600,59.034,59.481,59.942,60.415,60.902,61.400,61.911,62.434,62.968,63.514,64.070,64.637,65.215,65.803,66.400,67.007,67.624,68.250,68.884,69.527,70.178,70.838,71.505,72.180,72.863,73.553,74.250,74.953,75.664,76.381,77.104,77.833,78.568,79.310,80.056,80.808,81.566,82.329,83.096,83.869,84.646,85.428,86.215,87.006,87.801,88.600,89.404,90.211,91.022,91.837,92.655,93.477,94.303,95.131,95.964,96.799,97.637,98.478,99.323,100.170,101.020,101.872,102.728,103.586,104.446,105.309,106.174,107.042,107.912,108.784,109.659,110.535,111.414,112.294,},
  {54.000,54.009,54.037,54.083,54.148,54.231,54.332,54.452,54.589,54.745,54.918,55.109,55.317,55.543,55.785,56.045,56.321,56.613,56.921,57.245,57.585,57.940,58.310,58.694,59.093,59.506,59.933,60.374,60.828,61.294,61.774,62.266,62.769,63.285,63.812,64.351,64.900,65.460,66.030,66.611,67.201,67.801,68.411,69.029,69.656,70.292,70.937,71.589,72.250,72.918,73.593,74.277,74.967,75.664,76.368,77.078,77.795,78.518,79.246,79.981,80.722,81.468,82.219,82.976,83.738,84.504,85.276,86.052,86.833,87.618,88.408,89.202,90.000,90.802,91.608,92.418,93.231,94.048,94.868,95.692,96.519,97.350,98.184,99.020,99.860,100.703,101.548,102.396,103.247,104.101,104.957,105.816,106.677,107.541,108.407,109.275,110.145,111.018,111.893,112.770,},
  {55.000,55.009,55.036,55.082,55.145,55.227,55.326,55.444,55.579,55.731,55.902,56.089,56.294,56.515,56.754,57.009,57.280,57.567,57.871,58.189,58.523,58.873,59.237,59.615,60.008,60.415,60.836,61.270,61.717,62.177,62.650,63.135,63.632,64.140,64.661,65.192,65.734,66.287,66.851,67.424,68.007,68.600,69.203,69.814,70.434,71.063,71.701,72.346,73.000,73.661,74.330,75.007,75.690,76.381,77.078,77.782,78.492,79.209,79.931,80.660,81.394,82.134,82.879,83.630,84.386,85.147,85.913,86.683,87.459,88.238,89.022,89.811,90.604,91.400,92.201,93.005,93.814,94.626,95.441,96.260,97.082,97.908,98.737,99.569,100.404,101.242,102.083,102.927,103.774,104.623,105.475,106.330,107.187,108.046,108.908,109.772,110.639,111.508,112.379,113.252,},
